@,44,0
Guardia,G,40,5,5,1,50,64,18,0,
Goblin,S,20,6,6,0,30,63,18,1,
Scheletro,{,10,4,4,0,10,45,17,1,
Freccia,-,1,4,4,0,10,40,17,1,
Guardia,G,40,5,5,1,50,38,18,0,
Scheletro,{,10,4,4,0,10,29,18,1,
Freccia,-,1,4,4,0,10,28,18,1,
Goblin,S,20,6,6,0,30,22,18,1,
Guardia,G,40,5,5,1,50,10,18,0,
@,5,0
Guardia,G,40,6,6,1,50,62,18,0,
Scheletro,{,10,4,4,0,10,59,18,1,
Freccia,-,1,4,4,0,10,56,18,1,
Guardia,G,40,6,6,1,50,52,18,1,
Goblin,S,20,6,6,0,30,30,18,1,
Guardia,G,40,6,6,1,50,29,18,1,
Goblin,S,20,6,6,0,30,10,18,1,
Guardia,G,40,6,6,1,50,4,18,0,
#